image_width: 1280
image_height: 1024
<<<<<<< HEAD
camera_name: mv_camera
camera_matrix:
  rows: 3
  cols: 3
  data: [1668.819376,  0.000000  , 652.674168, 
           0.000000 , 1685.749967, 569.586654, 
           0.000000 ,  0.000000  , 1.000000  ]

=======
camera_name: narrow_stereo
camera_matrix:
  rows: 3
  cols: 3
  data: [1034.17479,    0.     ,  638.10383,
            0.     , 1034.71279,  494.57637,
            0.     ,    0.     ,    1.     ]
>>>>>>> 35776bec13839ea7d1cd5fe0f3f344db5376d8fd
distortion_model: plumb_bob
distortion_coefficients:
  rows: 1
  cols: 5
<<<<<<< HEAD
  data: [-0.070489, 0.224968, -0.001444, 0.000551, 0.000000]
=======
  data: [-0.100831, 0.094629, -0.000572, 0.000629, 0.000000]
>>>>>>> 35776bec13839ea7d1cd5fe0f3f344db5376d8fd
rectification_matrix:
  rows: 3
  cols: 3
  data: [1., 0., 0.,
         0., 1., 0.,
         0., 0., 1.]
projection_matrix:
  rows: 3
  cols: 4
<<<<<<< HEAD
  data: [1665.373323,    0.       , 652.995966,    0.     ,
            0.      , 1681.123658 , 568.497915,    0.     ,
            0.      ,    0.       ,    1.     ,    0.     ]
=======
  data: [1008.22804,    0.     ,  638.99992,    0.     ,
            0.     , 1014.43577,  493.63869,    0.     ,
            0.     ,    0.     ,    1.     ,    0.     ]
>>>>>>> 35776bec13839ea7d1cd5fe0f3f344db5376d8fd
